   20.250159174944439        3.8164933821166827       0.5000000     
   2.3825519487620710        10.641825710285069       0.5000000     
   22.346640402649907        2.8096671079187585       0.5000000     
   2.1490525664442250        6.2378222803288237       0.5000000     
   15.112322434609123        14.872034203808967       0.5000000     
   19.151335953935927      -0.50436622812026932       0.5000000     
   29.259755177193419        14.603281910657300       0.5000000     
   15.938968639665669       -4.9243644918863367       0.5000000     
   6.4425326089152328        17.783785407576055       0.5000000     
   9.6090406331879787        5.0450740004133126       0.5000000     
   8.5180101947206754        8.1105928752584973       0.5000000     
   25.563692576799028        5.6716427388464670       0.5000000     
   13.552313299502725        15.360286570908999       0.5000000     
  -2.4811208851499980        7.6650035510557384       0.5000000     
   14.948471772617761        12.831646170946016       0.5000000     
   1.1011625424915488        7.1505825443714190       0.5000000     
   3.7713144900327000        1.2987074970433818       0.5000000     
   23.587758226818163      -0.47350597257727067       0.5000000     
   7.4134512203879508        9.9267583133960287       0.5000000     
   11.170492968880739      -0.67110454085005078       0.5000000     
   14.219148441243371        10.809456685232766       0.5000000     
   23.340674265693234       -2.8662205910307228       0.5000000     
   5.6598160333649687        16.755854968303154       0.5000000     
   15.627523266182614        11.405221976929203       0.5000000     
  -3.8202911425825792       0.62652599272253451       0.5000000     
   22.491760275703754        9.5971506661930199       0.5000000     
   15.387645902027886        9.0602520084488667       0.5000000     
   24.842967417060610        17.940347512173389       0.5000000     
   25.575406904630590       -2.2106029721878850       0.5000000     
 -0.98168812319003140        10.011727972901483       0.5000000     
 -0.26254799959345548        9.2021077025146525       0.5000000     
  -3.7139743899086120       -1.0196148493946471       0.5000000     
   11.691132259215188        8.7836715127368858       0.5000000     
   6.6368825313408673       -2.2759618579141794       0.5000000     
   17.668997104089307        8.6862840637405281       0.5000000     
   28.864669810886831        3.5814847187728920       0.5000000     
  -1.2728584810349712       -1.4829986609529282       0.5000000     
   2.5940939557340212        14.749168766961041       0.5000000     
  0.83155725113580803        8.8852293957033712       0.5000000     
   19.706083995694470       0.54351040940222373       0.5000000     
   27.402658107270653       -4.9488300961428777       0.5000000     
   23.388151028228968        1.3227586275226897       0.5000000     
   6.9164626626895931        16.862507442442556       0.5000000     
   28.867499190751051        15.501000617230037       0.5000000     
 -0.67772385748730990        11.044649367256421       0.5000000     
   3.1253134286155571        17.414950311167956       0.5000000     
   11.083482177885221       -4.9082875792044058       0.5000000     
   16.466175677124951        8.8068988958455776       0.5000000     
   14.623936367698859        17.953141452509172       0.5000000     
   14.333282484970301        15.943332248348437       0.5000000     
   4.8455053935654089        3.3820372746955543       0.5000000     
  -1.9688724821974211        10.408866486851878       0.5000000     
   9.0319505211053599        14.086919957322568       0.5000000     
  0.43556224800062354        1.6914379409242468       0.5000000     
   18.232740133592419       -2.6186250497726169       0.5000000     
   12.029285003425823        6.2521957105219377       0.5000000     
   1.6610868459178196E-002  -1.2068890737577507       0.5000000     
   8.6386904236578150        9.9724266331074798       0.5000000     
   19.287732352020672        17.229955477368069       0.5000000     
   4.8078417847101305        12.259274386638266       0.5000000     
   6.5244408354329479        1.3576974284213019       0.5000000     
   6.9582649001368440        13.804708301646293       0.5000000     
   12.244836252532410        17.913249477156196       0.5000000     
   13.420002471533618        17.964783913852322       0.5000000     
   16.034199067900577        10.115356405512417       0.5000000     
   17.013323177270788        11.249784070546321       0.5000000     
  -2.9823141362843373        5.7415846863117412       0.5000000     
   10.556052371972411        2.0179262699633140       0.5000000     
   19.422533254520218        14.507525036225180       0.5000000     
  -4.7261482629784712        11.967889864205659       0.5000000     
  -1.0423525717008153      -0.42726952639712912       0.5000000     
   19.561302622573958        2.7447702190363805       0.5000000     
   22.916152550610679        15.280575540963515       0.5000000     
   8.4304739818280083       -2.3137523888057867       0.5000000     
   14.314721596508321        16.950222726496420       0.5000000     
   27.684384369587384       -3.2152431670439303       0.5000000     
   10.827572553794646        12.625624664389871       0.5000000     
   11.384116261188717        4.9586495038490774       0.5000000     
   4.9238195705502745        17.555295326770537       0.5000000     
   13.968848072897464        14.097923273934134       0.5000000     
  -6.7701084272149110        1.6668528422254349       0.5000000     
   10.912092834682850        14.645380666957193       0.5000000     
  -6.1408978003905110        6.4552631774741371       0.5000000     
   15.650578606758991       -1.8653230068722595       0.5000000     
   6.7771259124634229        7.7265447728200707       0.5000000     
   3.1554241588549248        9.2638285856951654       0.5000000     
   25.822006432788807        8.3789444550218750       0.5000000     
   18.373479770195111        12.129366553140988       0.5000000     
  -4.3114811137136062       -2.6119433532067351       0.5000000     
   4.0526472505811739        18.002076303301770       0.5000000     
   15.734878568917607        1.1752712227878903       0.5000000     
   24.790002123580383        1.4346376673590933       0.5000000     
  -1.5560321288326695        11.697456372072862       0.5000000     
   25.725452152536814        13.632079768934227       0.5000000     
  -1.4355109470670209        3.0346175200882675       0.5000000     
   21.709204106001401        17.903379128949602       0.5000000     
   15.112940938396166        6.7886271893045497E-002  0.5000000     
   9.6311681673438514        11.918101444786856       0.5000000     
   5.7394341290288811        14.179655405346606       0.5000000     
   1.5983512348954860        3.8599897755981636       0.5000000     
   22.625004310162282        7.6130129114876466       0.5000000     
   5.9257623705796947      -0.37561622126636568       0.5000000     
   4.1762652071102213        2.4619016660907853       0.5000000     
   23.806943503988542        2.4824105847493620       0.5000000     
   11.858198885715831        14.322771645776420       0.5000000     
   10.739865406867324        9.3755953811834569       0.5000000     
   29.667138654574384        7.9686841689294514       0.5000000     
   5.1824407187117600       0.78353872307514993       0.5000000     
   24.031214037530169        16.450068675439251       0.5000000     
 -0.83866688940026957        16.469068703354115       0.5000000     
   21.137279060981481        7.5066362837298293       0.5000000     
   17.521307352171664        2.5740500883238515       0.5000000     
   8.9419370856685401        15.532741310434499       0.5000000     
  -2.4435834846222448        12.365205583690814       0.5000000     
   5.7632830771290120        9.8366975909854641       0.5000000     
   11.672816380579999       -3.3454534730762346       0.5000000     
  -6.8980835675156245        15.940760943487383       0.5000000     
   3.5376879361926168        8.0828832529132519       0.5000000     
   3.6961203210056572        7.0799102239499572       0.5000000     
   2.1050788379749186        9.5665973707063543       0.5000000     
  -7.0290600949536355        4.9991564490072236       0.5000000     
   3.7928169900476396       -2.1836366672660059       0.5000000     
  -4.9061507967473670       -4.9398426490294156       0.5000000     
  -3.6753623412517831        16.136556696777301       0.5000000     
   16.180396036426568      -0.42211254870004988       0.5000000     
   28.005138225513779        16.031726088265572       0.5000000     
   26.396361922156732       -4.0185014914269939       0.5000000     
   25.816270988653546        1.4955963314979381       0.5000000     
   14.048528434154578       -3.0656440060067931       0.5000000     
   21.094711708952989       -3.5172766849755202       0.5000000     
   13.256698821976570        7.4846440984764513       0.5000000     
   7.4502687413546012        17.928676069297538       0.5000000     
  -6.2014517711909587        11.804616187329044       0.5000000     
   5.8511800685783114E-002  -4.6390171688465554       0.5000000     
   5.5146828353450292        6.0091998647123956       0.5000000     
   4.5482037817038998        9.4510292084310983       0.5000000     
  -1.9359563475568351        5.5059113167874223       0.5000000     
   26.097666332028290        7.2324222362129573       0.5000000     
   25.317632395673421      -0.35019560816161849       0.5000000     
   17.298535643002342       -4.4757131058666131       0.5000000     
  -5.7380638682057779       0.90931680906825652       0.5000000     
  -6.0834668085776515      -0.44647293814647782       0.5000000     
   9.4600077841401475        2.1256939094193052       0.5000000     
   18.541988297732932        14.030851712161963       0.5000000     
   2.0917912521027797        8.5162316239510538       0.5000000     
 -0.57607849360913899        3.6585532990449154       0.5000000     
   12.911264626562483       -1.2095797844397709       0.5000000     
  0.96147132109219735        12.902375383473512       0.5000000     
  -2.6030121169044698        14.946174245738268       0.5000000     
   29.272529310003566        17.075708406732218       0.5000000     
   5.1801877744717579        13.220434791316348       0.5000000     
  0.56932673904083519        3.9615221516985111       0.5000000     
   10.083826022545541        14.024621641274118       0.5000000     
  0.73959884294769374        2.8228847864785611       0.5000000     
  0.81110299156813859       -3.1319344192341982       0.5000000     
 -0.20368911571942225       -3.5601172292566496       0.5000000     
   11.827182559982175       -1.4517392142982877       0.5000000     
   10.647122329515126        17.527309155162357       0.5000000     
   3.9447198288957481       -1.0424435063556612       0.5000000     
  -4.5860676254109283        2.8170029020353593       0.5000000     
   10.565739919405347        4.1887358544871907       0.5000000     
   19.850932973338626        11.926130672264497       0.5000000     
   28.371530035096889        13.319217765711977       0.5000000     
  -6.0026481915481051        9.9906072383022781       0.5000000     
   22.211880585873576       0.82583949458469363       0.5000000     
   12.453241327248749      -0.19963485838424927       0.5000000     
   29.036788915353593       0.32683757271365677       0.5000000     
   9.9463814354188802        15.206394267775174       0.5000000     
   18.788092270557531        9.1554064092198537       0.5000000     
   26.628752467038090       -2.8914949705277380       0.5000000     
  -5.7084300344102799       -1.9701678469959223       0.5000000     
   5.9921221265439719       -5.0199555934663360       0.5000000     
   22.106170634235742        10.595386739804566       0.5000000     
   20.972986569822922        13.503482812821114       0.5000000     
   18.058385164454883        10.686300356983702       0.5000000     
   5.1878499803722065        5.0747860938460745       0.5000000     
   14.777465898406474        2.9785773825451676       0.5000000     
   21.180030531498332      -0.21583854188341259       0.5000000     
   25.194959892828685        2.6202946165712766       0.5000000     
  -4.1835900911747954        9.4973118853175666       0.5000000     
  -2.2184957492090160       -3.9518493642584560       0.5000000     
   21.217139857602337        9.5765541921965234       0.5000000     
   19.218542043961840       -1.6495727549968593       0.5000000     
   2.2249538234681201        17.934610736183174       0.5000000     
   24.011917838741887        15.430082897032323       0.5000000     
   14.667645809913729        11.711438645794477       0.5000000     
   7.6267797728556603        12.468078412332259       0.5000000     
   7.7863688222978817        5.3187002234489924       0.5000000     
   26.693486537810649        3.9175447993897468       0.5000000     
   18.417135458043990       -4.9522247263508818       0.5000000     
   4.3431353788233995        14.151836711467681       0.5000000     
  -2.1504224180375568       -4.9414192753852060       0.5000000     
  -4.9093419093388073        14.090336943938873       0.5000000     
  -1.9874124060286753        4.4161136956324771       0.5000000     
   1.1065774255205649        6.0272953006917946       0.5000000     
   6.4692435882986734        9.0567384880711881       0.5000000     
   7.3704669575532806      -0.85855764244653854       0.5000000     
   6.5205719477203008        2.7798497148989814       0.5000000     
   5.0735801408574694        10.823203560369578       0.5000000     
   11.049024912716066        16.116543307993453       0.5000000     
   19.851262148085183        13.240629018588219       0.5000000     
   10.374588066861067        11.049129920961681       0.5000000     
   15.052144937575669        10.000471149862530       0.5000000     
   21.597927721720939        5.5032652187510971       0.5000000     
   11.615105607152310        16.947697554611388       0.5000000     
   5.0330232017969543       -1.7342297473384523       0.5000000     
   12.224228923523723       -4.7666080998277121       0.5000000     
   5.7413077314043752        11.737168314454143       0.5000000     
  -4.2150999861858143        5.4760076810501275       0.5000000     
   12.292923864520880        3.2412726901675200       0.5000000     
  -4.8556885863164112        1.3775725147952718       0.5000000     
   27.298367234108024       0.22137923056241116       0.5000000     
   3.0688987995550172        11.385250492316191       0.5000000     
   27.744556197032029        2.1906908031763686       0.5000000     
   2.6931267097581233       -4.6886371457466556       0.5000000     
   29.249722528551708       -4.9412847958494703       0.5000000     
   9.4972270585296119       -4.0632497729571773       0.5000000     
   15.511283060204807        13.682957285397293       0.5000000     
   1.0098987233326673       -4.1486787142450909       0.5000000     
   12.729153526088345       -3.8404146329976343       0.5000000     
   6.7852619713333375        6.4151347505919452       0.5000000     
   13.993897568482598        2.1679845785200307       0.5000000     
   14.937408561943018      -0.99045310544895349       0.5000000     
   12.533951403255893        11.069649517532156       0.5000000     
   7.6920415598237222        4.2002382616487557       0.5000000     
   29.733140134109643        4.1873666927180224       0.5000000     
   21.025315171018711        15.988125743498999       0.5000000     
   26.819266400702769        6.2058733950464378       0.5000000     
   18.763473619989693        15.513814897279653       0.5000000     
 -0.88670662583040849       0.95650200763485904       0.5000000     
   26.688454653460060        12.342483301203702       0.5000000     
   18.981526809455200        11.229275408565798       0.5000000     
  0.15274065696557354        5.5333963333444407       0.5000000     
   13.370178609822384        10.213723738204676       0.5000000     
   28.533844008978413       -2.1191638623096760       0.5000000     
   25.646185723535528        4.6013119489354786       0.5000000     
   27.596241357984404        3.5356820198772514       0.5000000     
   28.380399466793399       -4.0557753615928966       0.5000000     
   21.945712872455420       -2.9936030072563184       0.5000000     
  -2.8026497272110302        13.382445484026636       0.5000000     
   12.617323173838733        1.4104188650587632       0.5000000     
   17.027040313495853        1.1465452601063426       0.5000000     
   23.986894200274730        11.994594419021302       0.5000000     
   20.336257842877881        17.560955097259267       0.5000000     
  -2.7227319805673131       -3.0968323896086880       0.5000000     
   28.895838435205278        12.364284554371311       0.5000000     
   28.208131121890005        11.574854096165216       0.5000000     
  -6.6711458815642732       0.52197044537690296       0.5000000     
  -2.1783368526424107        16.414638272448144       0.5000000     
  -3.0287858481695098       -2.6110060233933523E-003  0.5000000     
   22.558693087583503        3.8385463252737244       0.5000000     
   29.954949918897256      -0.47065488467074434       0.5000000     
   21.338105179991150        12.206252013868836       0.5000000     
   19.108465117900153        3.9227305314505858       0.5000000     
   10.087786148884822        8.2441405083629904E-002  0.5000000     
   5.4656435186042476        15.382252609737156       0.5000000     
  0.26755959543912450        10.077584919049823       0.5000000     
   26.191643550093676        10.271755470987678       0.5000000     
   22.621800726534538       -4.9281622269509757       0.5000000     
   25.045926295683092        10.544290548883000       0.5000000     
   12.312975224528261        4.5725930225751261       0.5000000     
   16.180103602427149        5.5675971142821403        2.0000000000000000     
  -1.6001422357402844        7.0532575154286619       0.5000000     
   13.767372451160446        12.889504907880667       0.5000000     
  -3.0420119255847839        17.892406584500208       0.5000000     
   7.1345979748493056       -4.6336291705660591       0.5000000     
   15.832202666981795        17.484595386415528       0.5000000     
   6.2331451064867007        4.8553973989266757       0.5000000     
   26.155754742889272        11.460752177258183       0.5000000     
  -2.1421931568592156       0.69303987624373842       0.5000000     
   26.965591450186988        14.885934922287479       0.5000000     
   29.942183442993201       0.74408549768136434       0.5000000     
   14.315461529135291        8.9662326433323933       0.5000000     
  -4.9950163349956425        8.2430450709261276       0.5000000     
   15.739105737455590        16.074983241886322       0.5000000     
   4.3202642891408427        1.5303839520528760E-002  0.5000000     
   2.5846540166684950        16.292205028018373       0.5000000     
   21.922643869760069        14.135742922370234       0.5000000     
   29.983315739819322        5.2600980969115287       0.5000000     
  -6.1313285008653473        4.3682151722310660       0.5000000     
   7.7812249737683636        6.3703951748939494       0.5000000     
   10.236108179384722       -1.2025294915894724       0.5000000     
  -4.9250534825117072        13.069737990093380       0.5000000     
   4.3733888931841705        15.362730253997611       0.5000000     
   1.0516374155403139        16.770692482500056       0.5000000     
   17.113304408202737        10.026891844358040       0.5000000     
   22.618894273846021       -3.8953400244121896       0.5000000     
   15.975633300309248       -3.6184504731197933       0.5000000     
   20.829473531419278       0.70385255691381643       0.5000000     
  -5.3001540782949377        9.2225453549748746       0.5000000     
   1.6208715600246055       -4.9285828642661338       0.5000000     
   22.274526714005390      -0.35217284061791038       0.5000000     
   3.6535861124925351        12.373705846169004       0.5000000     
   2.7329277964236360        2.1549389427261683       0.5000000     
   24.210734177829011        5.2655794017202506       0.5000000     
  -2.0040098123011250      -0.32622098784336251       0.5000000     
 -0.93467332797349745        14.542116665883782       0.5000000     
   7.7907419272981269        8.8581256625049551       0.5000000     
   28.364041479963063        6.2993850483251954       0.5000000     
  0.19572213110015743        15.177683447612596       0.5000000     
   4.4977742574942692       -4.9738353502479393       0.5000000     
   20.698997986826718       -1.8680552990083092       0.5000000     
   24.332471613643978        3.3480540887224897       0.5000000     
   21.573137838676175        8.6590462009623472       0.5000000     
   26.322964598552360        16.101627287952823       0.5000000     
   27.400544058115265        10.716686138391470       0.5000000     
   26.226255709900752        17.608261703186432       0.5000000     
   28.432378451326514        8.5451099602683609       0.5000000     
   15.891766582463516        12.374924238879936       0.5000000     
  -2.7010800325590627        1.9622982433900267       0.5000000     
  -4.2512159593124466        15.169497749173017       0.5000000     
   17.132932095996928       -3.3424649286268826       0.5000000     
   23.988534979199510        9.5943803472269575       0.5000000     
  -3.3292580836358665        8.9471685140657193       0.5000000     
   16.962111280760254        12.501733844347083       0.5000000     
   29.767208619294998        11.060600999151212       0.5000000     
   18.884443049171658        10.183889219017784       0.5000000     
   12.891961007096704        8.5982217444505959       0.5000000     
   11.438414347551696        2.4086627182528275       0.5000000     
  -3.7521505886842719        8.0338610694647166       0.5000000     
   29.690638177732875        16.187657841907175       0.5000000     
  -5.3186951545469867        16.727935744884793       0.5000000     
  -3.8710504714020533        1.8573444975706594       0.5000000     
   29.495178823175273       -3.7761314693980710       0.5000000     
   1.4852265504912714        1.6416155027780026       0.5000000     
   2.1350196366854406        11.907248317535313       0.5000000     
   23.149562725536985        5.7190350548966284       0.5000000     
   8.1529249802229291        1.9597141557606137E-002  0.5000000     
 -0.80418995813576422        4.6215206474182828       0.5000000     
   21.688176740551441       -4.4809152757052759       0.5000000     
   6.4572107865537534E-002   13.793013613455027       0.5000000     
   25.469622535662712        14.947324531791905       0.5000000     
   4.7591164696133825        6.7351542730093845       0.5000000     
   19.845124034370777        10.592096403462396       0.5000000     
   8.4381370245802305       -3.6127528926581678       0.5000000     
  -6.8327117814792153        9.3492609112195009       0.5000000     
   16.303713919407386        2.3281467554144211       0.5000000     
  -6.9133188590148329        7.2826466522102580       0.5000000     
   18.261222499682646       0.34262117649937113       0.5000000     
  -2.7585243914539661       -1.9426897600964343       0.5000000     
   12.244046544544400        13.280453074089236       0.5000000     
   4.0157327658619701        5.2617383501582742       0.5000000     
  -6.4633338159635239        13.309344606833005       0.5000000     
 -0.35690088328722858       -2.1616812168573318       0.5000000     
  -2.0352796355105571        17.743263875221317       0.5000000     
   4.7081679605602336        7.9888325070410824       0.5000000     
   8.7115501009843808        11.273935998709232       0.5000000     
  -1.9647531408361130        9.0196948838781328       0.5000000     
   11.266530874928124       -2.3525136868587087       0.5000000     
   20.485630620537336        5.7154432462764673       0.5000000     
   2.1945815487246292       -2.6299984759309645       0.5000000     
   19.053801700626167       -3.2781085062071087       0.5000000     
  -4.3944468818149947      -0.27711943874764583       0.5000000     
   28.759818992075516        1.3936356424874106       0.5000000     
   26.469566007256550        2.6307308126055777       0.5000000     
   28.718541175355636        17.996056387578562       0.5000000     
   27.533470669918930        9.3848611856531434       0.5000000     
   13.225010086109544        5.2568099074515811       0.5000000     
   7.7641669883118283        1.1419009875128079       0.5000000     
   30.027263815708174        9.1623089588815496       0.5000000     
   8.0895141666622798        16.627152362475027       0.5000000     
   19.228618825712701       -4.2918061296515457       0.5000000     
   22.762191941949993        16.818285075978753       0.5000000     
   9.1979358886096882        8.9980494221594540       0.5000000     
   29.876539091332255        17.844959665938728       0.5000000     
   20.335228393675898        6.7322639962751234       0.5000000     
  -1.2467905531978483       -3.6724028555811152       0.5000000     
   6.9780287564863226        11.015889470798413       0.5000000     
   29.886760308190194       -2.4593916837227119       0.5000000     
   11.794748409406370        12.346934403502850       0.5000000     
   11.326340804194407        7.5452441329648536       0.5000000     
   21.363876213437795        1.6193723379018994       0.5000000     
   27.060332757468533        1.3621424605442272       0.5000000     
   17.885224145605605        16.132250961692048       0.5000000     
   14.583189595245056       -3.8470868516108885       0.5000000     
   16.351182654373716        15.262252347454348       0.5000000     
   16.552064527176615        13.982354773672700       0.5000000     
   11.345873282216095        11.427993122092218       0.5000000     
   18.371783564434228       -1.1329089856203418       0.5000000     
   23.715725001396059        17.403816848316545       0.5000000     
   20.889641758637357        10.897536885951094       0.5000000     
   22.055398877843594        16.052493875845663       0.5000000     
   9.7615141158657330        8.1787430754065884       0.5000000     
  -5.4993129316820717        5.4621004493400234       0.5000000     
   6.9286127850165649       0.26438808608010772       0.5000000     
   22.112587075997524       -1.6143738256440554       0.5000000     
   18.154421698162576        3.3761019425662302       0.5000000     
   10.258954591101176       -2.4155445180472199       0.5000000     
   3.2038795882628901        5.8960264390290780       0.5000000     
  -1.6053843486151840        2.0713295894399857       0.5000000     
   10.458476041157962       -3.3797534494314081       0.5000000     
  0.38363008109682989        12.044079933399296       0.5000000     
  -6.9656694426913655        17.185227350998986       0.5000000     
   12.275152449191117        7.7345669066244458       0.5000000     
   20.137408502154535        9.4816347830950978       0.5000000     
   9.3428686152972134       -2.8767155884284299       0.5000000     
  -5.8325798911078648        2.4023780550569458       0.5000000     
  -6.5665645748801742        8.3615644141424230       0.5000000     
   11.072663674654175        1.0294683939117892       0.5000000     
   3.3990565754937032        13.776724587210056       0.5000000     
   18.174559957839918       -3.8089541758654057       0.5000000     
   8.6251241576578970        12.976678434737074       0.5000000     
   2.6979690095518385        4.4735657473802206       0.5000000     
   9.7015102537725060        13.115511293115409       0.5000000     
   13.942720907753161       -1.0602820368516346       0.5000000     
   24.409821030242043        7.5079884763502260       0.5000000     
   25.115244794894114        11.698330766703066       0.5000000     
 -0.97855436193833589        12.560763047770790       0.5000000     
   5.6457811826199684        7.2654331310208589       0.5000000     
   2.8808862075901653       -3.4337738193289074       0.5000000     
  -3.8495144768748779       -3.6625636081657889       0.5000000     
   20.240468581944711       -4.9592846386121288       0.5000000     
   1.3775503934774398        10.861672623240953       0.5000000     
   28.205560824164433      -0.80221791632965911       0.5000000     
   1.3266405843135216        4.9070461844510369       0.5000000     
   17.947304367963202        1.5475047205503147       0.5000000     
   8.9483094406868204      -0.82600374424929524       0.5000000     
   5.5337363757437901        2.0929066499889184       0.5000000     
  -6.9846897560666985       -4.3616162099905704       0.5000000     
   16.741785690385161       -2.4333762804526771       0.5000000     
   25.155519865747731        16.269620832049910       0.5000000     
   24.282112957565356       -4.3980956180189477       0.5000000     
   28.568156116736702        10.483376115655508       0.5000000     
   3.6867271748198203        10.267673750549402       0.5000000     
   24.582962325767369       -3.3923987918228566       0.5000000     
   8.2063140009776916        2.0799366106559205       0.5000000     
   19.717874577898879        8.3837066714544601       0.5000000     
  -5.0802994088860389        7.1083107351135677       0.5000000     
   3.2549721325565777       0.40895792682812382       0.5000000     
   23.868709824926203       -1.8957881763292563       0.5000000     
   4.0400157666217407        16.990298179463043       0.5000000     
  -3.5194319196282615        6.6599560789546057       0.5000000     
  -3.2137847893517817       -4.4582869031881680       0.5000000     
   5.4744299504180587       -3.9736896472688019       0.5000000     
   20.171680629462092      -0.62347752428392778       0.5000000     
   24.227076626305497        13.602002142600394       0.5000000     
   26.415776526151610       -1.2073461371315537       0.5000000     
   9.8186028255095366        10.203929659993491       0.5000000     
  -4.4909274531388071E-002   18.011035238814294       0.5000000     
 -0.57993393527797554        6.7036859365750576       0.5000000     
   2.1776729787421649      -0.46743115085288378       0.5000000     
  -3.7810056934370935        4.1391952947404844       0.5000000     
   5.7879973019836433       -2.9722200275282575       0.5000000     
  -6.9005021472261152       -1.0190737338794895       0.5000000     
   28.135710737597275        17.193693617795912       0.5000000     
   18.974144916144898        7.0610507295471567       0.5000000     
   3.4825399679832456        3.2529446110197222       0.5000000     
   2.6788049653404209        7.5692861092638681       0.5000000     
   13.780757350212530       -2.0874916310620666       0.5000000     
   23.029114373111788        8.6799305170647436       0.5000000     
   9.8838901016569487       -4.9768961673912324       0.5000000     
   20.146128088184494       -3.9469007236057485       0.5000000     
   14.631063456453704        1.3602991314904203       0.5000000     
   10.002726609880657        7.2198112655414439       0.5000000     
   23.952768177479463        6.5478949935552002       0.5000000     
   7.3226836885620159        15.940848209043446       0.5000000     
   27.044347519593632        16.815099459353689       0.5000000     
   20.666465435612071        14.955337919907842       0.5000000     
  -6.9532914873517955        14.323712897194149       0.5000000     
   9.3145285722413611       0.95632712617867532       0.5000000     
   12.583340474084263        16.491652671922580       0.5000000     
   9.0648459614286452        6.2406905558392420       0.5000000     
   8.0480002612384922        3.1125427097809721       0.5000000     
  -5.1751563208985347       -3.2079379379036834       0.5000000     
   29.517110333407892        6.5008183581952013       0.5000000     
 -0.80222900744790671        8.3579132744282738       0.5000000     
  -6.6907700909566383        3.5140952798134193       0.5000000     
   26.353069825836688       0.40550315576369289       0.5000000     
  -3.0715751954078021        3.2485909603539294       0.5000000     
   25.695303707224877        9.3473481241323970       0.5000000     
  -5.7811151834630934        14.602491772426202       0.5000000     
  -6.7139827314343101       -3.3232467696691423       0.5000000     
   25.397323186331761       -4.9788975926003562       0.5000000     
   1.3701454192321589        13.839501984580799       0.5000000     
   18.246187332133040        17.946297500746951       0.5000000     
 -0.63234217435334550        2.4306534657970524       0.5000000     
   24.848524564909003        8.7644221114918430       0.5000000     
   8.1197647579985368       -4.6326076923581585       0.5000000     
  0.12533800913252205        7.7239056645708120       0.5000000     
   8.4972341089435126        17.590502516797297       0.5000000     
   23.598012159678223        10.930197745684751       0.5000000     
   7.9651209550044975        14.006298866752267       0.5000000     
   22.286299744191592        11.588600394646809       0.5000000     
   19.110956504425943        5.7679028099217549       0.5000000     
  -4.1201958778450107        11.139786807226725       0.5000000     
   15.095803945146670       -2.8661753418183369       0.5000000     
   13.482290175162545       0.21695531529300124       0.5000000     
   13.448558347774712       -4.7553048667138853       0.5000000     
   2.2760743422553884       0.63099479554967075       0.5000000     
  -5.8864241639775514       -4.0406654628109058       0.5000000     
   9.7825034323006204        16.925420495584440       0.5000000     
   20.323952716319077        1.7322300858899213       0.5000000     
  -4.0900645374192042        17.786315246392626       0.5000000     
   27.110337178557838        7.6052070976850636       0.5000000     
   10.155297272433780        3.1583746837015960       0.5000000     
   19.617471890500624        16.082741714123141       0.5000000     
   4.2217851257246481       -3.4923231475182579       0.5000000     
   1.4425611203540825       -1.7967002707451849       0.5000000     
   21.383066886304064        3.1807287180288712       0.5000000     
   6.0165675315399687       -1.4974118980591407       0.5000000
